1 4
2 5
3 22
4 4
5 10
6 4
7 6
8 5
9 6
10 8
11 7
12 9
13 10
14 10
15 11
16 11
17 12
18 7
19 11
20 5
21 6
22 7
23 8
24 9
25 7
26 8
27 7
28 8
29 9
30 8
31 2
32 8
33 4
34 4
35 5
36 10
37 8
38 9
39 14
40 14
41 9
42 9
43 9
44 4
45 14
46 15
47 20
48 4
49 5
50 6
51 7
52 10
53 8
54 10
55 15
56 10
57 21
58 7
59 12
60 13
61 15
62 19
63 16
64 4
65 9
66 10
67 9
68 10
69 7
70 3
71 5
72 6
73 6
74 10
75 5
76 9
77 8
78 12
79 13
80 13
81 13
82 12
83 11
84 13
85 13
86 13
87 12
88 12
89 16
90 13
91 17
92 15
93 8
94 11
95 11
96 4
97 3
98 2
99 3
100 8
101 9
102 6
103 10
104 5
105 5
106 4
107 6
108 7
109 6
110 5
111 5
112 9
113 4
114 4
115 6
116 6
117 7
118 7
119 6
120 6
121 10
122 10
123 14
124 22
125 8
126 14
127 7
128 11
129 8
130 5
131 8
132 14
133 8
134 8
135 4
136 4
137 5
138 8
139 8
140 9
141 15
142 5
143 7
144 16
145 5
146 7
147 15
148 5
149 6
150 3
151 3
152 5
153 4
154 11
155 14
156 6
157 5
158 10
159 9
160 15
161 10
162 12
163 13
164 5
165 5
166 7
167 5
168 5
169 6
170 6
171 6
172 6
173 10
174 10
175 10
176 10
177 4
178 8
179 10
180 10
181 11
182 8
183 9
184 4
185 6
186 14
187 8
188 12
189 7
190 10
191 11
192 6
193 14
194 9
195 5
196 14
197 4
198 2
199 1
200 1
201 1
202 1
203 0
204 4
205 9
206 6
207 6
208 7
209 3
210 2
211 3
212 4
213 4
214 8
215 7
216 1
217 4
218 6
219 5
220 2
221 10
222 10
223 9
224 9
225 5
226 2
227 2
228 2
229 2
230 3
231 6
232 6
233 6
234 7
235 5
236 5
237 5
238 5
239 15
240 10
241 6
242 10
243 6
244 9
245 11
246 8
247 9
248 8
249 5
250 5
251 8
252 6
253 7
254 9
255 5
256 5
257 9
258 4
259 5
260 5
261 15
262 30
263 5
264 6
265 7
266 7
267 8
268 8
269 6
270 6
271 13
272 4
273 4
274 7
275 7
276 9
277 9
278 9
279 8
280 8
281 17
282 9
283 6
284 7
285 11
286 5
287 8
288 9
289 7
290 10
291 6
292 10
293 13
294 12
295 15
296 15
297 8
298 6
299 6
300 5
301 10
302 8
303 7
304 6
305 6
306 7
307 5
308 7
309 10
310 10
311 11
312 7
313 17
314 7
315 8
316 6
317 9
318 8
319 4
320 11
321 7
322 7
323 12
324 8
325 6
326 12
327 9
328 6
329 5
330 5
331 7
332 6
333 7
334 10
335 3
336 5
337 9
338 6
339 3
340 7
341 4
342 6
343 8
344 12
345 7
346 4
347 4
348 4
349 4
350 4
351 5
352 4
353 8
354 9
355 3
356 8
357 5
358 5
359 7
360 12
361 5
362 9
363 18
364 18
365 4
366 8
367 5
368 13
369 10
370 20
371 16
372 7
373 15
374 18
375 18
376 16
377 18
378 17
379 15
380 16
381 15
382 19
383 20
384 7
385 13
386 16
387 20
388 16
389 18
390 16
391 16
392 6
393 6
394 6
395 5
396 10
397 10
398 10
399 15
400 13
401 13
402 17
403 17
404 17
405 13
406 13
407 17
408 17
409 8
410 8
411 12
412 14
413 10
414 5
415 9
416 9
417 8
418 7
419 7
420 5
421 13
422 13
423 12
424 15
425 12
426 19
427 19
428 7
429 13
430 9
431 7
432 4
433 4
434 9
435 5
436 3
437 5
438 5
439 5
440 5
441 7
442 11
443 5
444 5
445 6
446 6
447 11
448 11
449 7
450 7
451 7
452 7
453 7
454 7
455 6
456 6
457 7
458 7
459 11
460 11
461 6
462 6
463 5
464 9
465 10
466 10
467 9
468 9
469 15
470 15
471 11
472 11
473 11
474 11
475 11
476 11
477 10
478 10
479 11
480 11
481 15
482 15
483 10
484 10
485 9
486 9
487 5
488 13
489 13
490 4
491 8
492 8
493 12
494 17
495 12
496 23
497 21
498 15
499 15
500 12
501 14
502 14
503 12
504 9
505 7
506 6
507 9
508 13
509 6
510 6
511 6
512 7
513 6
514 10
515 6
516 4
517 5
518 5
519 8
520 7
521 9
522 17
523 11
524 12
525 7
526 7
527 6
528 4
529 8
530 4
531 4
532 6
533 10
534 10
535 9
536 13
537 7
538 9
539 12
540 10
541 10
542 7
543 12
544 14
545 11
546 16
547 13
548 12
549 11
550 13
551 12
552 11
553 13
554 12
555 13
556 11
557 12
558 10
559 11
560 11
561 16
562 11
563 10
564 12
565 11
566 17
567 16
568 13
569 12
570 8
571 8
572 11
573 10
574 14
575 9
576 20
577 10
578 12
579 14
580 7
581 10
582 10
583 9
584 5
585 15
586 20
587 9
588 9
589 8
590 12
591 13
592 15
593 13
594 11
595 12
596 13
597 14
598 17
599 10
600 14
601 15
602 15
603 12
604 12
605 14
606 12
607 17
608 17
609 12
610 13
611 14
612 19
613 19
614 10
615 10
616 11
617 12
618 14
619 5
620 11
621 14
622 9
623 16
624 15
625 18
626 16
627 16
628 16
629 16
630 20
631 16
632 20
633 12
634 15
635 16
636 6
637 6
638 6
639 15
640 4
641 4
642 9
643 4
644 5
645 8
646 4
647 5
648 6
649 12
650 6
651 12
652 13
653 14
654 13
655 13
656 13
657 13
658 13
659 11
660 15
661 13
662 13
663 9
664 7
665 12
666 7
667 6
668 13
669 10
670 10
671 10
672 8
673 11
674 10
675 9
676 10
677 9
678 8
679 9
680 0
681 8
682 18
683 8
684 8
685 4
686 4
687 4
688 14
689 14
690 15
691 4
692 6
693 8
694 2
695 2
696 2
697 8
698 4
699 1
700 7
701 7
702 5
703 7
704 7
705 6
706 12
707 12
708 19
709 6
710 6
711 10
712 17
713 4
714 8
715 7
716 5
717 4
718 6
719 5
720 5
721 5
722 6
723 5
724 7
725 6
726 6
727 7
728 3
729 9
730 3
731 7
732 4
733 3
734 3
735 9
736 6
737 6
738 9
739 10
740 5
741 3
742 3
743 3
744 5
745 4
746 4
747 5
748 5
749 5
750 4
751 4
752 5
753 6
754 6
755 6
756 5
757 5
758 5
759 5
760 5
761 9
762 13
763 9
764 4
765 8
766 8
767 4
768 8
769 8
770 11
771 6
772 9
773 9
774 4
775 4
776 8
777 4
778 3
779 8
780 5
781 4
782 4
783 8
784 3
785 3
786 8
787 1
788 5
789 4
790 4
791 8
792 5
793 8
794 3
795 3
796 8
797 7
798 8
799 9
800 6
801 9
802 8
803 1
804 5
805 5
806 4
807 4
808 4
809 4
810 4
811 5
812 10
813 5
814 5
815 4
816 9
817 10
818 6
819 11
820 6
821 11
822 5
823 3
824 9
825 12
826 11
827 3
828 5
829 9
830 5
831 5
832 5
833 7
834 7
835 8
836 7
837 4
838 4
839 8
840 4
841 4
842 10
843 8
844 8
845 2
846 2
847 10
848 8
849 8
850 8
851 3
852 7
853 1
854 1
855 2
856 8
857 7
858 2
859 8
860 4
861 2
862 1
863 8
864 8
865 10
866 14
867 8
868 14
869 0
870 6
871 5
872 11
873 7
874 9
875 9
876 13
877 8
878 4
879 12
880 4
881 8
882 8
883 5
884 7
885 7
886 8
887 8
888 8
889 4
890 6
891 5
892 4
893 10
894 8
895 4
896 5
897 7
898 7
899 4
900 4
901 7
902 8
903 16
904 12
905 12
906 8
907 8
908 9
909 14
910 8
911 9
912 2
913 2
914 3
915 2
916 2
917 2
918 1
919 1
920 4
921 3
922 6
923 6
924 7
925 6
926 6
927 5
928 8
929 13
930 11
931 13
932 13
933 17
934 16
935 9
936 4
937 9
938 4
939 4
940 7
941 6
942 3
943 3
944 10
945 16
946 6
947 10
948 9
949 7
950 8
951 13
952 7
953 4
954 4
955 5
956 6
957 6
958 8
959 8
960 5
961 5
962 10
963 16
964 8
965 9
966 11
967 4
968 5
969 6
970 6
971 9
972 8
973 15
974 8
975 11
976 16
977 15
978 4
979 10
980 6
981 4
982 8
983 9
984 6
985 5
986 5
987 5
988 6
989 5
990 6
991 6
992 8
993 6
994 6
995 5
996 6
997 6
998 8
999 6
1000 6
1001 5
1002 6
1003 6
1004 8
1005 6
1006 8
1007 10
1008 10
1009 12
1010 10
1011 3
1012 4
1013 3
1014 4
1015 10
1016 10
1017 7
1018 7
1019 5
1020 6
1021 10
1022 10
1023 9
1024 10
1025 9
1026 9
1027 2
1028 2
1029 3
1030 3
1031 3
1032 5
1033 5
1034 5
1035 5
1036 5
1037 5
1038 10
1039 10
1040 4
1041 4
1042 5
1043 6
1044 11
1045 7
1046 12
1047 8
1048 13
1049 14
1050 16
1051 15
1052 12
1053 14
1054 13
1055 8
1056 13
1057 4
1058 4
1059 4
1060 4
1061 5
1062 6
1063 6
1064 6
1065 4
1066 4
1067 4
1068 3
1069 3
1070 4
1071 3
1072 10
1073 5
1074 21
1075 27
1076 23
1077 11
1078 13
1079 20
1080 8
1081 4
1082 4
1083 16
1084 6
1085 4
1086 4
1087 4
1088 6
1089 5
1090 5
1091 7
1092 6
1093 3
1094 12
1095 4
1096 1
1097 17
1098 16
1099 8
1100 7
1101 6
1102 5
1103 15
1104 4
1105 3
1106 3
1107 10
1108 8
1109 10
1110 7
1111 4
1112 5
1113 3
1114 9
1115 7
1116 2
1117 8
1118 8
1119 8
1120 14
1121 10
1122 9
1123 9
1124 8
1125 6
1126 4
1127 5
1128 5
1129 4
1130 8
1131 3
1132 3
1133 3
1134 3
1135 8
1136 8
1137 7
1138 3
1139 4
1140 9
1141 3
1142 4
1143 5
1144 6
1145 11
1146 4
1147 5
1148 5
1149 4
1150 4
1151 4
1152 3
1153 3
1154 3
1155 4
1156 3
1157 3
1158 5
1159 4
1160 8
1161 4
1162 3
1163 6
1164 6
1165 8
1166 11
1167 5
1168 3
1169 6
1170 5
1171 8
1172 7
1173 7
1174 7
1175 8
1176 7
1177 8
1178 7
1179 7
1180 14
1181 9
1182 9
1183 7
1184 12
1185 6
1186 7
1187 7
1188 7
1189 9
1190 10
1191 9
1192 10
1193 15
1194 4
1195 5
1196 10
1197 3
1198 6
1199 2
1200 8
1201 3
1202 4
1203 4
1204 8
1205 5
1206 5
1207 9
1208 9
1209 9
1210 5
1211 9
1212 4
1213 4
1214 4
1215 9
1216 4
1217 8
1218 4
1219 6
1220 7
1221 5
1222 10
1223 4
1224 4
1225 6
1226 7
1227 10
1228 5
1229 6
1230 5
1231 8
1232 10
1233 4
1234 3
1235 4
1236 4
1237 3
1238 4
1239 2
1240 5
1241 5
1242 4
1243 4
1244 8
1245 6
1246 6
1247 3
1248 3
1249 3
1250 3
1251 4
1252 3
1253 3
1254 3
1255 3
1256 7
1257 9
1258 3
1259 3
