1 6
2 7
3 24
4 6
5 12
6 6
7 7
8 6
9 7
10 11
11 10
12 9
13 11
14 10
15 12
16 11
17 12
18 8
19 12
20 6
21 7
22 8
23 11
24 12
25 9
26 10
27 9
28 10
29 11
30 10
31 3
32 9
33 5
34 5
35 6
36 11
37 9
38 10
39 15
40 15
41 11
42 10
43 10
44 5
45 15
46 16
47 21
48 9
49 10
50 11
51 12
52 15
53 10
54 12
55 17
56 12
57 23
58 9
59 17
60 18
61 17
62 21
63 18
64 6
65 11
66 12
67 11
68 12
69 12
70 4
71 6
72 7
73 7
74 11
75 6
76 11
77 12
78 14
79 15
80 15
81 15
82 15
83 14
84 15
85 15
86 15
87 15
88 14
89 19
90 17
91 19
92 19
93 10
94 17
95 13
96 6
97 5
98 4
99 5
100 11
101 12
102 8
103 12
104 8
105 8
106 6
107 8
108 9
109 8
110 7
111 8
112 11
113 7
114 7
115 9
116 9
117 8
118 8
119 7
120 7
121 11
122 11
123 15
124 23
125 11
126 17
127 9
128 13
129 10
130 8
131 10
132 16
133 10
134 10
135 6
136 6
137 7
138 10
139 10
140 11
141 18
142 8
143 10
144 19
145 8
146 10
147 18
148 8
149 9
150 7
151 7
152 8
153 8
154 12
155 16
156 7
157 6
158 11
159 11
160 18
161 11
162 16
163 18
164 7
165 9
166 9
167 8
168 8
169 7
170 7
171 7
172 7
173 11
174 11
175 11
176 11
177 5
178 9
179 12
180 12
181 13
182 10
183 11
184 6
185 8
186 16
187 12
188 13
189 11
190 14
191 15
192 7
193 15
194 11
195 7
196 16
197 8
198 3
199 3
200 3
201 3
202 4
203 4
204 6
205 11
206 8
207 8
208 10
209 5
210 5
211 6
212 7
213 7
214 11
215 10
216 5
217 5
218 10
219 8
220 4
221 14
222 13
223 15
224 12
225 7
226 6
227 6
228 6
229 6
230 4
231 8
232 8
233 10
234 11
235 11
236 8
237 8
238 8
239 19
240 14
241 9
242 13
243 9
244 13
245 15
246 12
247 15
248 12
249 8
250 8
251 13
252 10
253 12
254 12
255 7
256 7
257 11
258 7
259 8
260 9
261 19
262 38
263 9
264 10
265 11
266 11
267 13
268 13
269 10
270 10
271 17
272 10
273 10
274 11
275 11
276 14
277 13
278 13
279 13
280 13
281 22
282 12
283 9
284 10
285 14
286 8
287 12
288 14
289 11
290 13
291 9
292 13
293 16
294 16
295 18
296 20
297 13
298 10
299 9
300 8
301 15
302 12
303 12
304 10
305 10
306 12
307 10
308 11
309 12
310 15
311 14
312 10
313 20
314 10
315 12
316 9
317 13
318 11
319 6
320 13
321 14
322 10
323 15
324 12
325 9
326 14
327 13
328 10
329 9
330 8
331 9
332 8
333 11
334 14
335 7
336 7
337 11
338 9
339 6
340 9
341 6
342 10
343 10
344 14
345 9
346 6
347 6
348 6
349 6
350 6
351 7
352 6
353 10
354 12
355 6
356 11
357 7
358 8
359 10
360 15
361 10
362 11
363 21
364 21
365 7
366 11
367 7
368 15
369 12
370 22
371 20
372 10
373 20
374 23
375 23
376 21
377 24
378 25
379 25
380 26
381 24
382 30
383 32
384 10
385 16
386 19
387 23
388 19
389 22
390 21
391 21
392 8
393 8
394 8
395 7
396 13
397 13
398 13
399 17
400 15
401 15
402 19
403 19
404 19
405 15
406 15
407 19
408 19
409 10
410 10
411 15
412 17
413 13
414 8
415 13
416 13
417 13
418 13
419 13
420 8
421 15
422 15
423 15
424 18
425 16
426 25
427 25
428 10
429 16
430 12
431 10
432 8
433 8
434 13
435 9
436 7
437 7
438 7
439 7
440 8
441 9
442 17
443 8
444 10
445 8
446 8
447 13
448 13
449 10
450 10
451 11
452 11
453 11
454 11
455 9
456 9
457 11
458 11
459 14
460 14
461 9
462 9
463 10
464 11
465 12
466 12
467 12
468 12
469 17
470 17
471 14
472 14
473 15
474 15
475 15
476 15
477 13
478 13
479 15
480 15
481 18
482 18
483 13
484 13
485 14
486 14
487 8
488 16
489 15
490 7
491 11
492 11
493 16
494 20
495 18
496 29
497 29
498 19
499 19
500 16
501 18
502 18
503 13
504 12
505 9
506 10
507 12
508 15
509 10
510 8
511 8
512 11
513 10
514 14
515 10
516 8
517 8
518 8
519 15
520 15
521 12
522 22
523 15
524 16
525 10
526 10
527 10
528 10
529 14
530 7
531 8
532 10
533 16
534 16
535 15
536 16
537 13
538 15
539 18
540 14
541 14
542 12
543 14
544 18
545 13
546 19
547 18
548 17
549 14
550 19
551 17
552 15
553 19
554 19
555 16
556 13
557 16
558 13
559 14
560 15
561 20
562 16
563 16
564 18
565 18
566 22
567 22
568 18
569 16
570 13
571 13
572 14
573 14
574 16
575 17
576 23
577 16
578 18
579 21
580 13
581 14
582 14
583 14
584 10
585 18
586 24
587 12
588 12
589 11
590 15
591 16
592 19
593 19
594 17
595 18
596 19
597 20
598 21
599 15
600 21
601 23
602 23
603 18
604 18
605 20
606 17
607 19
608 19
609 14
610 15
611 16
612 21
613 21
614 13
615 15
616 17
617 18
618 18
619 10
620 15
621 18
622 14
623 21
624 20
625 25
626 21
627 19
628 19
629 19
630 23
631 20
632 23
633 15
634 19
635 19
636 9
637 9
638 12
639 21
640 8
641 8
642 14
643 9
644 10
645 11
646 9
647 10
648 8
649 14
650 9
651 15
652 15
653 17
654 15
655 15
656 15
657 15
658 15
659 13
660 17
661 15
662 15
663 11
664 10
665 15
666 10
667 9
668 15
669 12
670 12
671 15
672 13
673 15
674 15
675 13
676 14
677 12
678 11
679 11
680 0
681 11
682 22
683 11
684 11
685 7
686 6
687 6
688 16
689 16
690 19
691 8
692 10
693 12
694 8
695 9
696 6
697 12
698 7
699 5
700 12
701 12
702 10
703 11
704 11
705 11
706 17
707 14
708 25
709 9
710 13
711 15
712 21
713 10
714 10
715 12
716 9
717 9
718 9
719 10
720 11
721 10
722 11
723 11
724 13
725 11
726 11
727 10
728 8
729 11
730 6
731 12
732 6
733 8
734 6
735 11
736 10
737 9
738 13
739 13
740 9
741 8
742 8
743 5
744 7
745 6
746 5
747 6
748 7
749 7
750 6
751 6
752 7
753 8
754 8
755 9
756 8
757 8
758 10
759 8
760 8
761 11
762 15
763 11
764 7
765 11
766 15
767 7
768 11
769 11
770 16
771 13
772 12
773 12
774 7
775 8
776 11
777 8
778 7
779 12
780 8
781 7
782 7
783 11
784 8
785 8
786 11
787 4
788 10
789 8
790 8
791 12
792 11
793 12
794 9
795 8
796 14
797 14
798 15
799 13
800 10
801 13
802 12
803 6
804 8
805 8
806 7
807 7
808 7
809 7
810 7
811 8
812 13
813 8
814 8
815 8
816 13
817 14
818 10
819 16
820 9
821 14
822 8
823 7
824 12
825 17
826 15
827 7
828 9
829 13
830 9
831 10
832 10
833 10
834 10
835 11
836 10
837 8
838 8
839 12
840 8
841 8
842 16
843 12
844 12
845 7
846 7
847 15
848 13
849 13
850 13
851 6
852 10
853 5
854 5
855 7
856 13
857 11
858 6
859 12
860 9
861 6
862 7
863 10
864 10
865 13
866 17
867 12
868 18
869 0
870 10
871 7
872 13
873 10
874 11
875 11
876 15
877 11
878 7
879 15
880 7
881 11
882 12
883 9
884 11
885 11
886 11
887 11
888 11
889 7
890 9
891 10
892 6
893 12
894 11
895 7
896 9
897 10
898 10
899 7
900 7
901 10
902 11
903 19
904 15
905 15
906 12
907 12
908 13
909 18
910 12
911 13
912 6
913 7
914 8
915 6
916 6
917 6
918 6
919 6
920 7
921 7
922 10
923 10
924 11
925 10
926 11
927 9
928 10
929 15
930 16
931 20
932 19
933 23
934 21
935 14
936 10
937 15
938 8
939 8
940 11
941 10
942 7
943 7
944 14
945 19
946 10
947 14
948 13
949 10
950 11
951 16
952 10
953 7
954 7
955 8
956 9
957 9
958 11
959 11
960 8
961 9
962 13
963 19
964 11
965 13
966 17
967 8
968 9
969 10
970 10
971 13
972 11
973 18
974 12
975 14
976 19
977 18
978 7
979 13
980 10
981 8
982 11
983 12
984 12
985 11
986 11
987 12
988 9
989 8
990 10
991 11
992 13
993 10
994 9
995 8
996 10
997 11
998 13
999 10
1000 9
1001 8
1002 10
1003 11
1004 13
1005 10
1006 16
1007 19
1008 19
1009 22
1010 20
1011 8
1012 9
1013 8
1014 9
1015 14
1016 14
1017 11
1018 11
1019 9
1020 11
1021 15
1022 15
1023 14
1024 14
1025 14
1026 15
1027 6
1028 6
1029 6
1030 6
1031 6
1032 10
1033 10
1034 10
1035 10
1036 11
1037 11
1038 14
1039 14
1040 10
1041 10
1042 11
1043 11
1044 16
1045 12
1046 17
1047 13
1048 18
1049 18
1050 22
1051 20
1052 17
1053 21
1054 19
1055 12
1056 19
1057 7
1058 8
1059 8
1060 8
1061 9
1062 10
1063 12
1064 11
1065 9
1066 9
1067 8
1068 8
1069 8
1070 9
1071 8
1072 16
1073 11
1074 24
1075 30
1076 26
1077 16
1078 19
1079 23
1080 11
1081 7
1082 9
1083 19
1084 10
1085 7
1086 8
1087 8
1088 10
1089 9
1090 9
1091 11
1092 11
1093 6
1094 16
1095 7
1096 8
1097 20
1098 19
1099 10
1100 10
1101 9
1102 7
1103 18
1104 8
1105 7
1106 6
1107 19
1108 12
1109 14
1110 11
1111 10
1112 7
1113 6
1114 11
1115 10
1116 6
1117 12
1118 12
1119 12
1120 18
1121 14
1122 14
1123 14
1124 14
1125 10
1126 10
1127 10
1128 10
1129 8
1130 11
1131 7
1132 7
1133 7
1134 7
1135 11
1136 11
1137 11
1138 6
1139 7
1140 12
1141 6
1142 7
1143 8
1144 9
1145 14
1146 7
1147 8
1148 8
1149 7
1150 7
1151 7
1152 6
1153 6
1154 7
1155 8
1156 8
1157 8
1158 8
1159 7
1160 10
1161 5
1162 5
1163 7
1164 8
1165 11
1166 14
1167 7
1168 7
1169 9
1170 8
1171 10
1172 11
1173 11
1174 10
1175 10
1176 9
1177 13
1178 9
1179 9
1180 16
1181 11
1182 12
1183 9
1184 14
1185 8
1186 11
1187 10
1188 10
1189 12
1190 13
1191 12
1192 13
1193 18
1194 7
1195 8
1196 13
1197 6
1198 11
1199 6
1200 11
1201 7
1202 7
1203 7
1204 11
1205 8
1206 8
1207 12
1208 12
1209 12
1210 8
1211 12
1212 8
1213 8
1214 8
1215 12
1216 8
1217 12
1218 8
1219 11
1220 8
1221 6
1222 11
1223 6
1224 6
1225 8
1226 10
1227 13
1228 7
1229 8
1230 7
1231 10
1232 12
1233 7
1234 8
1235 8
1236 8
1237 8
1238 8
1239 8
1240 10
1241 10
1242 10
1243 10
1244 12
1245 10
1246 10
1247 7
1248 7
1249 7
1250 7
1251 8
1252 7
1253 6
1254 6
1255 7
1256 11
1257 11
1258 5
1259 5
