1 1
2 1
3 0
4 0
5 0
6 0
7 0
8 0
9 0
10 1
11 1
12 0
13 0
14 0
15 0
16 0
17 0
18 0
19 0
20 0
21 0
22 0
23 0
24 0
25 0
26 0
27 0
28 0
29 0
30 0
31 0
32 0
33 0
34 0
35 0
36 0
37 0
38 0
39 0
40 0
41 0
42 0
43 0
44 0
45 0
46 0
47 0
48 2
49 2
50 2
51 2
52 2
53 0
54 0
55 0
56 0
57 0
58 1
59 2
60 2
61 1
62 1
63 1
64 2
65 2
66 2
67 1
68 1
69 1
70 0
71 0
72 0
73 0
74 0
75 0
76 0
77 1
78 0
79 1
80 1
81 1
82 2
83 0
84 1
85 1
86 1
87 2
88 1
89 2
90 1
91 1
92 1
93 1
94 3
95 1
96 0
97 0
98 1
99 1
100 0
101 1
102 0
103 0
104 0
105 1
106 0
107 0
108 0
109 0
110 0
111 0
112 0
113 0
114 0
115 0
116 1
117 0
118 0
119 0
120 0
121 0
122 0
123 0
124 0
125 1
126 2
127 1
128 1
129 1
130 1
131 0
132 0
133 0
134 1
135 0
136 1
137 1
138 0
139 1
140 1
141 1
142 1
143 2
144 2
145 2
146 2
147 1
148 1
149 2
150 3
151 3
152 1
153 3
154 0
155 0
156 1
157 1
158 1
159 2
160 2
161 1
162 4
163 4
164 1
165 3
166 1
167 1
168 2
169 1
170 1
171 1
172 1
173 1
174 1
175 1
176 1
177 1
178 1
179 1
180 2
181 2
182 2
183 2
184 2
185 2
186 2
187 4
188 1
189 3
190 2
191 2
192 1
193 1
194 2
195 1
196 2
197 4
198 1
199 1
200 1
201 1
202 1
203 2
204 2
205 2
206 2
207 2
208 3
209 1
210 1
211 1
212 1
213 1
214 1
215 1
216 2
217 1
218 4
219 2
220 2
221 3
222 3
223 4
224 3
225 0
226 1
227 2
228 1
229 2
230 1
231 0
232 2
233 0
234 0
235 4
236 0
237 0
238 0
239 0
240 0
241 0
242 0
243 0
244 0
245 0
246 0
247 0
248 0
249 1
250 1
251 1
252 2
253 1
254 1
255 0
256 0
257 0
258 0
259 1
260 0
261 2
262 4
263 0
264 0
265 0
266 0
267 0
268 0
269 1
270 1
271 1
272 1
273 1
274 0
275 0
276 0
277 1
278 1
279 1
280 1
281 2
282 0
283 0
284 0
285 0
286 0
287 0
288 1
289 1
290 1
291 0
292 0
293 2
294 2
295 0
296 0
297 2
298 1
299 0
300 0
301 2
302 3
303 1
304 2
305 1
306 2
307 1
308 2
309 0
310 1
311 0
312 0
313 0
314 0
315 1
316 0
317 1
318 0
319 0
320 0
321 3
322 0
323 0
324 0
325 0
326 0
327 1
328 1
329 1
330 1
331 1
332 1
333 0
334 0
335 3
336 2
337 2
338 2
339 3
340 2
341 2
342 2
343 2
344 2
345 2
346 2
347 2
348 2
349 2
350 2
351 1
352 1
353 1
354 3
355 2
356 1
357 2
358 3
359 2
360 2
361 3
362 2
363 3
364 3
365 3
366 3
367 1
368 2
369 2
370 2
371 3
372 3
373 4
374 4
375 4
376 4
377 4
378 5
379 7
380 7
381 6
382 9
383 8
384 2
385 3
386 3
387 3
388 3
389 3
390 3
391 3
392 1
393 1
394 1
395 1
396 2
397 2
398 2
399 1
400 1
401 1
402 1
403 1
404 1
405 1
406 1
407 1
408 1
409 1
410 1
411 2
412 2
413 2
414 2
415 3
416 3
417 4
418 5
419 5
420 2
421 1
422 1
423 2
424 2
425 2
426 4
427 5
428 2
429 2
430 1
431 1
432 2
433 2
434 2
435 2
436 1
437 2
438 1
439 1
440 2
441 1
442 1
443 2
444 2
445 1
446 1
447 1
448 1
449 1
450 1
451 1
452 1
453 2
454 2
455 1
456 1
457 1
458 1
459 1
460 1
461 2
462 2
463 2
464 1
465 1
466 1
467 2
468 2
469 1
470 1
471 1
472 1
473 1
474 1
475 2
476 2
477 1
478 1
479 1
480 1
481 1
482 1
483 2
484 2
485 2
486 2
487 1
488 1
489 1
490 2
491 2
492 2
493 1
494 1
495 1
496 1
497 3
498 3
499 3
500 2
501 2
502 2
503 1
504 1
505 2
506 2
507 1
508 1
509 2
510 1
511 1
512 2
513 1
514 2
515 2
516 2
517 3
518 3
519 5
520 6
521 1
522 3
523 1
524 2
525 1
526 1
527 2
528 4
529 4
530 2
531 4
532 3
533 1
534 2
535 1
536 2
537 5
538 3
539 3
540 1
541 1
542 3
543 1
544 1
545 2
546 2
547 2
548 2
549 2
550 2
551 1
552 1
553 4
554 5
555 1
556 2
557 2
558 3
559 2
560 2
561 2
562 5
563 6
564 4
565 5
566 4
567 5
568 2
569 2
570 1
571 2
572 2
573 3
574 1
575 5
576 2
577 3
578 3
579 4
580 2
581 2
582 2
583 3
584 3
585 1
586 2
587 2
588 2
589 3
590 3
591 2
592 2
593 2
594 2
595 2
596 2
597 2
598 2
599 3
600 3
601 2
602 2
603 2
604 2
605 2
606 2
607 1
608 1
609 1
610 1
611 1
612 1
613 1
614 1
615 3
616 2
617 2
618 2
619 2
620 3
621 3
622 3
623 4
624 2
625 4
626 4
627 2
628 2
629 2
630 2
631 3
632 2
633 2
634 3
635 2
636 1
637 1
638 3
639 3
640 1
641 2
642 2
643 1
644 2
645 2
646 3
647 4
648 1
649 1
650 1
651 2
652 1
653 2
654 1
655 1
656 1
657 1
658 1
659 1
660 1
661 1
662 1
663 1
664 2
665 2
666 2
667 1
668 1
669 0
670 0
671 4
672 4
673 3
674 4
675 2
676 1
677 2
678 1
679 1
680 0
681 1
682 1
683 1
684 1
685 1
686 2
687 2
688 2
689 2
690 3
691 4
692 4
693 4
694 4
695 5
696 3
697 3
698 3
699 4
700 3
701 3
702 5
703 3
704 3
705 5
706 4
707 2
708 2
709 3
710 5
711 5
712 3
713 5
714 2
715 3
716 4
717 5
718 3
719 5
720 5
721 4
722 4
723 4
724 4
725 5
726 5
727 2
728 3
729 2
730 3
731 3
732 2
733 3
734 3
735 2
736 2
737 3
738 4
739 3
740 4
741 5
742 5
743 1
744 1
745 1
746 1
747 1
748 1
749 1
750 1
751 1
752 1
753 1
754 1
755 1
756 1
757 1
758 2
759 2
760 2
761 1
762 1
763 1
764 2
765 2
766 4
767 2
768 2
769 2
770 2
771 4
772 1
773 1
774 1
775 2
776 1
777 2
778 2
779 2
780 1
781 1
782 1
783 1
784 3
785 3
786 0
787 2
788 4
789 2
790 2
791 2
792 4
793 1
794 3
795 3
796 3
797 4
798 4
799 3
800 3
801 3
802 2
803 4
804 1
805 1
806 2
807 2
808 2
809 2
810 2
811 2
812 2
813 2
814 2
815 3
816 3
817 2
818 2
819 3
820 2
821 2
822 1
823 2
824 1
825 1
826 1
827 2
828 2
829 2
830 3
831 4
832 3
833 2
834 2
835 2
836 1
837 2
838 2
839 2
840 2
841 2
842 4
843 2
844 2
845 3
846 3
847 3
848 3
849 3
850 3
851 2
852 3
853 4
854 3
855 4
856 4
857 4
858 3
859 3
860 3
861 4
862 4
863 2
864 2
865 2
866 2
867 2
868 2
869 0
870 3
871 2
872 2
873 2
874 2
875 2
876 2
877 3
878 3
879 3
880 3
881 3
882 4
883 4
884 4
885 4
886 3
887 3
888 3
889 3
890 3
891 3
892 1
893 2
894 2
895 2
896 2
897 2
898 2
899 2
900 2
901 2
902 3
903 3
904 3
905 3
906 3
907 3
908 3
909 3
910 3
911 3
912 4
913 5
914 5
915 3
916 3
917 3
918 4
919 4
920 2
921 3
922 3
923 3
924 3
925 3
926 3
927 3
928 1
929 1
930 3
931 3
932 3
933 3
934 3
935 3
936 5
937 5
938 3
939 3
940 3
941 3
942 3
943 3
944 3
945 3
946 3
947 3
948 3
949 2
950 2
951 2
952 2
953 2
954 2
955 2
956 2
957 2
958 2
959 2
960 2
961 2
962 2
963 2
964 2
965 2
966 2
967 3
968 2
969 2
970 2
971 2
972 2
973 2
974 3
975 2
976 2
977 1
978 2
979 2
980 2
981 3
982 2
983 2
984 4
985 4
986 4
987 5
988 2
989 2
990 2
991 3
992 2
993 3
994 2
995 2
996 2
997 3
998 2
999 3
1000 2
1001 2
1002 2
1003 3
1004 2
1005 3
1006 5
1007 5
1008 5
1009 5
1010 5
1011 4
1012 4
1013 4
1014 4
1015 3
1016 3
1017 3
1018 3
1019 3
1020 3
1021 3
1022 3
1023 4
1024 3
1025 4
1026 5
1027 4
1028 4
1029 3
1030 2
1031 3
1032 4
1033 4
1034 4
1035 4
1036 5
1037 5
1038 3
1039 3
1040 5
1041 5
1042 5
1043 4
1044 4
1045 4
1046 4
1047 4
1048 4
1049 3
1050 3
1051 4
1052 4
1053 4
1054 5
1055 3
1056 3
1057 2
1058 3
1059 3
1060 3
1061 3
1062 3
1063 5
1064 3
1065 4
1066 3
1067 3
1068 4
1069 4
1070 4
1071 4
1072 4
1073 4
1074 3
1075 3
1076 3
1077 3
1078 3
1079 3
1080 3
1081 3
1082 3
1083 3
1084 4
1085 3
1086 4
1087 4
1088 4
1089 4
1090 4
1091 4
1092 5
1093 3
1094 2
1095 3
1096 5
1097 3
1098 3
1099 2
1100 3
1101 3
1102 2
1103 2
1104 2
1105 2
1106 2
1107 4
1108 2
1109 2
1110 3
1111 4
1112 2
1113 2
1114 2
1115 3
1116 3
1117 3
1118 3
1119 3
1120 3
1121 3
1122 4
1123 4
1124 5
1125 3
1126 5
1127 4
1128 4
1129 2
1130 2
1131 3
1132 3
1133 3
1134 3
1135 2
1136 2
1137 3
1138 2
1139 2
1140 2
1141 1
1142 1
1143 2
1144 2
1145 2
1146 1
1147 2
1148 2
1149 1
1150 2
1151 1
1152 2
1153 1
1154 2
1155 2
1156 3
1157 3
1158 1
1159 1
1160 1
1161 0
1162 1
1163 0
1164 0
1165 1
1166 0
1167 0
1168 0
1169 0
1170 1
1171 0
1172 0
1173 2
1174 2
1175 1
1176 1
1177 2
1178 0
1179 0
1180 0
1181 0
1182 0
1183 1
1184 1
1185 1
1186 2
1187 2
1188 1
1189 1
1190 1
1191 2
1192 2
1193 2
1194 2
1195 2
1196 2
1197 2
1198 3
1199 3
1200 2
1201 3
1202 2
1203 2
1204 2
1205 1
1206 1
1207 1
1208 1
1209 1
1210 1
1211 1
1212 2
1213 2
1214 2
1215 1
1216 2
1217 2
1218 2
1219 4
1220 1
1221 1
1222 1
1223 2
1224 1
1225 2
1226 3
1227 3
1228 1
1229 1
1230 1
1231 2
1232 1
1233 2
1234 4
1235 3
1236 3
1237 4
1238 4
1239 6
1240 4
1241 4
1242 5
1243 5
1244 3
1245 2
1246 2
1247 2
1248 3
1249 2
1250 3
1251 2
1252 3
1253 2
1254 2
1255 3
1256 3
1257 1
1258 1
1259 1
