1 1
2 1
3 2
4 2
5 2
6 2
7 1
8 1
9 1
10 2
11 2
12 0
13 1
14 0
15 1
16 0
17 0
18 1
19 1
20 1
21 1
22 1
23 3
24 3
25 2
26 2
27 2
28 2
29 2
30 2
31 1
32 1
33 1
34 1
35 1
36 1
37 1
38 1
39 1
40 1
41 2
42 1
43 1
44 1
45 1
46 1
47 1
48 3
49 3
50 3
51 3
52 3
53 2
54 2
55 2
56 2
57 2
58 1
59 3
60 3
61 1
62 1
63 1
64 0
65 0
66 0
67 1
68 1
69 4
70 1
71 1
72 1
73 1
74 1
75 1
76 2
77 3
78 2
79 1
80 1
81 1
82 1
83 3
84 1
85 1
86 1
87 1
88 1
89 1
90 3
91 1
92 3
93 1
94 3
95 1
96 2
97 2
98 1
99 1
100 3
101 2
102 2
103 2
104 3
105 2
106 2
107 2
108 2
109 2
110 2
111 3
112 2
113 3
114 3
115 3
116 2
117 1
118 1
119 1
120 1
121 1
122 1
123 1
124 1
125 2
126 1
127 1
128 1
129 1
130 2
131 2
132 2
133 2
134 1
135 2
136 1
137 1
138 2
139 1
140 1
141 2
142 2
143 1
144 1
145 1
146 1
147 2
148 2
149 1
150 1
151 1
152 2
153 1
154 1
155 2
156 0
157 0
158 0
159 0
160 1
161 0
162 0
163 1
164 1
165 1
166 1
167 2
168 1
169 0
170 0
171 0
172 0
173 0
174 0
175 0
176 0
177 0
178 0
179 1
180 0
181 0
182 0
183 0
184 0
185 0
186 0
187 0
188 0
189 1
190 2
191 2
192 0
193 0
194 0
195 1
196 0
197 0
198 0
199 1
200 1
201 1
202 2
203 2
204 0
205 0
206 0
207 0
208 0
209 1
210 2
211 2
212 2
213 2
214 2
215 2
216 2
217 0
218 0
219 1
220 0
221 1
222 0
223 2
224 0
225 2
226 3
227 2
228 3
229 2
230 0
231 2
232 0
233 4
234 4
235 2
236 3
237 3
238 3
239 4
240 4
241 3
242 3
243 3
244 4
245 4
246 4
247 6
248 4
249 2
250 2
251 4
252 2
253 4
254 2
255 2
256 2
257 2
258 3
259 2
260 4
261 2
262 4
263 4
264 4
265 4
266 4
267 5
268 5
269 3
270 3
271 3
272 5
273 5
274 4
275 4
276 5
277 3
278 3
279 4
280 4
281 3
282 3
283 3
284 3
285 3
286 3
287 4
288 4
289 3
290 2
291 3
292 3
293 1
294 2
295 3
296 5
297 3
298 3
299 3
300 3
301 3
302 1
303 4
304 2
305 3
306 3
307 4
308 2
309 2
310 4
311 3
312 3
313 3
314 3
315 3
316 3
317 3
318 3
319 2
320 2
321 4
322 3
323 3
324 4
325 3
326 2
327 3
328 3
329 3
330 2
331 1
332 1
333 4
334 4
335 1
336 0
337 0
338 1
339 0
340 0
341 0
342 2
343 0
344 0
345 0
346 0
347 0
348 0
349 0
350 0
351 1
352 1
353 1
354 0
355 1
356 2
357 0
358 0
359 1
360 1
361 2
362 0
363 0
364 0
365 0
366 0
367 1
368 0
369 0
370 0
371 1
372 0
373 1
374 1
375 1
376 1
377 2
378 3
379 3
380 3
381 3
382 2
383 4
384 1
385 0
386 0
387 0
388 0
389 1
390 2
391 2
392 1
393 1
394 1
395 1
396 1
397 1
398 1
399 1
400 1
401 1
402 1
403 1
404 1
405 1
406 1
407 1
408 1
409 1
410 1
411 1
412 1
413 1
414 1
415 1
416 1
417 1
418 1
419 1
420 1
421 1
422 1
423 1
424 1
425 2
426 2
427 1
428 1
429 1
430 2
431 2
432 2
433 2
434 2
435 2
436 3
437 0
438 1
439 1
440 1
441 1
442 5
443 1
444 3
445 1
446 1
447 1
448 1
449 2
450 2
451 3
452 3
453 2
454 2
455 2
456 2
457 3
458 3
459 2
460 2
461 1
462 1
463 3
464 1
465 1
466 1
467 1
468 1
469 1
470 1
471 2
472 2
473 3
474 3
475 2
476 2
477 2
478 2
479 3
480 3
481 2
482 2
483 1
484 1
485 3
486 3
487 2
488 2
489 1
490 1
491 1
492 1
493 3
494 2
495 5
496 5
497 5
498 1
499 1
500 2
501 2
502 2
503 0
504 2
505 0
506 2
507 2
508 1
509 2
510 1
511 1
512 2
513 3
514 2
515 2
516 2
517 0
518 0
519 2
520 2
521 2
522 2
523 3
524 2
525 2
526 2
527 2
528 2
529 2
530 1
531 0
532 1
533 5
534 4
535 5
536 1
537 1
538 3
539 3
540 3
541 3
542 2
543 1
544 3
545 0
546 1
547 3
548 3
549 1
550 4
551 4
552 3
553 2
554 2
555 2
556 0
557 2
558 0
559 1
560 2
561 2
562 0
563 0
564 2
565 2
566 1
567 1
568 3
569 2
570 4
571 3
572 1
573 1
574 1
575 3
576 1
577 3
578 3
579 3
580 4
581 2
582 2
583 2
584 2
585 2
586 2
587 1
588 1
589 0
590 0
591 1
592 2
593 4
594 4
595 4
596 4
597 4
598 2
599 2
600 4
601 6
602 6
603 4
604 4
605 4
606 3
607 1
608 1
609 1
610 1
611 1
612 1
613 1
614 2
615 2
616 4
617 4
618 2
619 3
620 1
621 1
622 2
623 1
624 3
625 3
626 1
627 1
628 1
629 1
630 1
631 1
632 1
633 1
634 1
635 1
636 2
637 2
638 3
639 3
640 3
641 2
642 3
643 4
644 3
645 1
646 2
647 1
648 1
649 1
650 2
651 1
652 1
653 1
654 1
655 1
656 1
657 1
658 1
659 1
660 1
661 1
662 1
663 1
664 1
665 1
666 1
667 2
668 1
669 2
670 2
671 1
672 1
673 1
674 1
675 2
676 3
677 1
678 2
679 1
680 0
681 2
682 3
683 2
684 2
685 2
686 0
687 0
688 0
689 0
690 1
691 0
692 0
693 0
694 2
695 2
696 1
697 1
698 0
699 0
700 2
701 2
702 0
703 1
704 1
705 0
706 1
707 0
708 4
709 0
710 2
711 0
712 1
713 1
714 0
715 2
716 0
717 0
718 0
719 0
720 1
721 1
722 1
723 2
724 2
725 0
726 0
727 1
728 2
729 0
730 0
731 2
732 0
733 2
734 0
735 0
736 2
737 0
738 0
739 0
740 0
741 0
742 0
743 1
744 1
745 1
746 0
747 0
748 1
749 1
750 1
751 1
752 1
753 1
754 1
755 2
756 2
757 2
758 3
759 1
760 1
761 1
762 1
763 1
764 1
765 1
766 3
767 1
768 1
769 1
770 3
771 3
772 2
773 2
774 2
775 2
776 2
777 2
778 2
779 2
780 2
781 2
782 2
783 2
784 2
785 2
786 3
787 1
788 1
789 2
790 2
791 2
792 2
793 3
794 3
795 2
796 3
797 3
798 3
799 1
800 1
801 1
802 2
803 1
804 2
805 2
806 1
807 1
808 1
809 1
810 1
811 1
812 1
813 1
814 1
815 1
816 1
817 2
818 2
819 2
820 1
821 1
822 2
823 2
824 2
825 4
826 3
827 2
828 2
829 2
830 1
831 1
832 2
833 1
834 1
835 1
836 2
837 2
838 2
839 2
840 2
841 2
842 2
843 2
844 2
845 2
846 2
847 2
848 2
849 2
850 2
851 1
852 0
853 0
854 1
855 1
856 1
857 0
858 1
859 1
860 2
861 0
862 2
863 0
864 0
865 1
866 1
867 2
868 2
869 0
870 1
871 0
872 0
873 1
874 0
875 0
876 0
877 0
878 0
879 0
880 0
881 0
882 0
883 0
884 0
885 0
886 0
887 0
888 0
889 0
890 0
891 2
892 1
893 0
894 1
895 1
896 2
897 1
898 1
899 1
900 1
901 1
902 0
903 0
904 0
905 0
906 1
907 1
908 1
909 1
910 1
911 1
912 0
913 0
914 0
915 1
916 1
917 1
918 1
919 1
920 1
921 1
922 1
923 1
924 1
925 1
926 2
927 1
928 1
929 1
930 2
931 4
932 3
933 3
934 2
935 2
936 1
937 1
938 1
939 1
940 1
941 1
942 1
943 1
944 1
945 0
946 1
947 1
948 1
949 1
950 1
951 1
952 1
953 1
954 1
955 1
956 1
957 1
958 1
959 1
960 1
961 2
962 1
963 1
964 1
965 2
966 4
967 1
968 2
969 2
970 2
971 2
972 1
973 1
974 1
975 1
976 1
977 2
978 1
979 1
980 2
981 1
982 1
983 1
984 2
985 2
986 2
987 2
988 1
989 1
990 2
991 2
992 3
993 1
994 1
995 1
996 2
997 2
998 3
999 1
1000 1
1001 1
1002 2
1003 2
1004 3
1005 1
1006 3
1007 4
1008 4
1009 5
1010 5
1011 1
1012 1
1013 1
1014 1
1015 1
1016 1
1017 1
1018 1
1019 1
1020 2
1021 2
1022 2
1023 1
1024 1
1025 1
1026 1
1027 0
1028 0
1029 0
1030 1
1031 0
1032 1
1033 1
1034 1
1035 1
1036 1
1037 1
1038 1
1039 1
1040 1
1041 1
1042 1
1043 1
1044 1
1045 1
1046 1
1047 1
1048 1
1049 1
1050 3
1051 1
1052 1
1053 3
1054 1
1055 1
1056 3
1057 1
1058 1
1059 1
1060 1
1061 1
1062 1
1063 1
1064 2
1065 1
1066 2
1067 1
1068 1
1069 1
1070 1
1071 1
1072 2
1073 2
1074 0
1075 0
1076 0
1077 2
1078 3
1079 0
1080 0
1081 0
1082 2
1083 0
1084 0
1085 0
1086 0
1087 0
1088 0
1089 0
1090 0
1091 0
1092 0
1093 0
1094 2
1095 0
1096 2
1097 0
1098 0
1099 0
1100 0
1101 0
1102 0
1103 1
1104 2
1105 2
1106 1
1107 5
1108 2
1109 2
1110 1
1111 2
1112 0
1113 1
1114 0
1115 0
1116 1
1117 1
1118 1
1119 1
1120 1
1121 1
1122 1
1123 1
1124 1
1125 1
1126 1
1127 1
1128 1
1129 2
1130 1
1131 1
1132 1
1133 1
1134 1
1135 1
1136 1
1137 1
1138 1
1139 1
1140 1
1141 2
1142 2
1143 1
1144 1
1145 1
1146 2
1147 1
1148 1
1149 2
1150 1
1151 2
1152 1
1153 2
1154 2
1155 2
1156 2
1157 2
1158 2
1159 2
1160 1
1161 1
1162 1
1163 1
1164 2
1165 2
1166 3
1167 2
1168 4
1169 3
1170 2
1171 2
1172 4
1173 2
1174 1
1175 1
1176 1
1177 3
1178 2
1179 2
1180 2
1181 2
1182 3
1183 1
1184 1
1185 1
1186 2
1187 1
1188 2
1189 2
1190 2
1191 1
1192 1
1193 1
1194 1
1195 1
1196 1
1197 1
1198 2
1199 1
1200 1
1201 1
1202 1
1203 1
1204 1
1205 2
1206 2
1207 2
1208 2
1209 2
1210 2
1211 2
1212 2
1213 2
1214 2
1215 2
1216 2
1217 2
1218 2
1219 1
1220 0
1221 0
1222 0
1223 0
1224 1
1225 0
1226 0
1227 0
1228 1
1229 1
1230 1
1231 0
1232 1
1233 1
1234 1
1235 1
1236 1
1237 1
1238 0
1239 0
1240 1
1241 1
1242 1
1243 1
1244 1
1245 2
1246 2
1247 2
1248 1
1249 2
1250 1
1251 2
1252 1
1253 1
1254 1
1255 1
1256 1
1257 1
1258 1
1259 1
